0	50000	5000
1	42310	4746
2	41633	4750
3	41102	4773
4	40620	4835
5	40261	4896
6	39954	4957
7	39597	5039
8	39205	5109
9	38902	5172
10	38459	5251
11	38099	5340
12	37682	5419
13	37343	5492
14	36949	5565
15	36486	5630
16	36015	5715
17	35522	5801
18	35028	5897
19	34532	5976
20	34028	6067
21	33477	6156
22	32910	6232
23	32420	6297
24	31801	6382
25	31233	6449
26	30711	6497
27	30169	6555
28	29621	6593
29	29031	6637
30	28449	6680
31	27854	6719
32	27724	6752
33	27654	6800
34	27489	6827
35	27398	6842
36	27218	6868
37	27041	6862
38	26857	6863
39	26655	6844
40	26447	6852
41	26237	6857
42	25922	6933
43	25566	6995
44	25268	7072
45	24951	7158
46	24553	7215
47	24152	7281
48	23786	7341
49	23418	7399
50	23023	7452
51	22625	7507
52	22212	7557
53	21812	7594
54	21355	7608
55	20873	7614
56	20441	7657
57	20037	7679
58	19621	7710
59	19168	7717
60	18824	7732
61	18349	7738
62	18300	7724
63	18214	7689
64	18066	7683
65	18018	7671
66	17932	7635
67	17782	7611
68	17589	7584
69	17450	7539
70	17247	7496
71	17070	7410
72	16868	7343
73	16657	7270
74	16483	7215
75	16290	7156
76	16055	7100
77	15826	7008
78	15573	6911
79	15336	6828
80	15088	6743
81	14849	6662
82	14579	6657
83	14331	6660
84	14076	6650
85	13779	6686
86	13535	6680
87	13254	6679
88	12942	6670
89	12704	6647
90	12467	6616
91	12144	6612
92	12171	6586
93	12171	6557
94	12140	6510
95	12172	6464
96	12146	6415
97	12099	6376
98	12050	6334
99	12026	6306
100	11913	6272
101	11839	6276
102	11719	6217
103	11591	6166
104	11434	6137
105	11324	6076
106	11154	5993
107	11034	5943
108	10878	5872
109	10717	5806
110	10568	5717
111	10420	5619
112	10283	5502
113	10138	5394
114	9982	5320
115	9848	5244
116	9769	5133
117	9688	5047
118	9588	4944
119	9490	4847
120	9405	4755
121	9292	4673
122	9380	4645
123	9480	4601
124	9563	4540
125	9620	4488
126	9674	4467
127	9693	4425
128	9772	4385
129	9823	4302
130	9869	4268
131	9896	4237
132	9905	4179
133	9881	4143
134	9869	4064
135	9871	4010
136	9836	3922
137	9860	3874
138	9831	3835
139	9806	3800
140	9808	3771
141	9784	3745
142	9759	3697
143	9708	3660
144	9677	3628
145	9666	3584
146	9688	3531
147	9676	3478
148	9656	3417
149	9650	3362
150	9639	3277
151	9602	3197
152	9745	3123
153	9925	3088
154	10121	3021
155	10299	2948
156	10405	2891
157	10547	2803
158	10722	2729
159	10866	2670
160	11041	2600
161	11179	2560
162	11289	2544
163	11401	2515
164	11506	2483
165	11646	2461
166	11738	2436
167	11862	2410
168	11926	2384
169	11992	2363
170	12152	2329
171	12239	2321
172	12320	2295
173	12331	2258
174	12310	2229
175	12319	2194
176	12410	2164
177	12469	2137
178	12527	2120
179	12577	2113
180	12604	2086
181	12636	2083
182	12921	2050
183	13243	2030
184	13567	2019
185	13867	1991
186	14113	1969
187	14417	1938
188	14694	1915
189	14925	1903
190	15214	1882
191	15454	1852
192	15714	1813
193	15940	1801
194	16133	1770
195	16360	1740
196	16548	1722
197	16773	1710
198	16908	1682
199	17042	1647
200	17316	1621
201	17499	1602
202	17647	1594
203	17717	1600
204	17758	1591
205	17822	1586
206	17959	1590
207	18096	1593
208	18205	1586
209	18362	1589
210	18428	1583
211	18500	1584
212	18951	1591
213	19408	1588
214	19880	1585
215	20378	1578
216	20690	1586
217	21151	1582
218	21567	1597
219	21900	1593
220	22330	1591
221	22667	1595
222	23045	1585
223	23333	1591
224	23599	1603
225	23879	1611
226	24132	1617
227	24449	1612
228	24672	1613
229	24855	1630
230	25250	1646
231	25556	1641
232	25775	1635
233	25871	1638
234	25932	1640
235	26070	1645
236	26279	1652
237	26451	1649
238	26630	1638
239	26875	1638
240	26977	1625
241	27081	1634
242	27781	1664
243	28473	1686
244	29164	1705
245	29862	1734
246	30292	1764
247	30964	1776
248	31577	1797
249	32099	1801
250	32672	1809
251	33138	1826
252	33674	1831
253	34112	1851
254	34553	1866
255	34970	1869
256	35334	1889
257	35839	1903
258	36142	1926
259	36411	1928
260	36855	1943
261	37235	1970
262	37550	1972
263	37682	1997
264	37713	2022
265	37867	2034
266	38142	2061
267	38297	2070
268	38498	2071
269	38795	2099
270	38846	2117
271	38949	2117
272	39889	2121
273	40718	2137
274	41663	2149
275	42582	2163
276	43194	2187
277	44053	2203
278	44736	2199
279	45422	2196
280	46100	2206
281	46677	2230
282	47397	2272
283	47877	2311
284	48431	2352
285	48887	2410
286	49204	2451
287	49797	2486
288	50096	2538
289	50391	2557
290	50884	2565
291	51300	2608
292	51615	2638
293	51605	2672
294	51505	2699
295	51524	2711
296	51713	2757
297	51766	2787
298	51867	2826
299	52115	2838
300	52021	2864
301	51949	2906
302	53008	2913
303	53835	2955
304	54863	2995
305	55837	3009
306	56409	3058
307	57223	3076
308	57836	3075
309	58374	3127
310	58924	3171
311	59379	3199
312	60011	3215
313	60357	3252
314	60732	3284
315	61040	3309
316	61125	3342
317	61519	3373
318	61635	3386
319	61840	3390
320	62112	3400
321	62256	3441
322	62320	3513
323	62031	3572
324	61700	3637
325	61413	3730
326	61362	3810
327	61021	3877
328	60859	3965
329	60865	4001
330	60460	4029
331	60165	4107
332	60960	4165
333	61488	4224
334	62235	4271
335	62880	4303
336	63127	4370
337	63680	4426
338	63840	4479
339	63952	4522
340	64178	4572
341	64168	4633
342	64448	4640
343	64390	4713
344	64552	4771
345	64467	4799
346	64195	4864
347	64092	4895
348	63806	4909
349	63569	4988
350	63416	5039
351	63054	5076
352	62573	5110
353	61768	5174
354	61007	5232
355	60241	5262
356	59741	5310
357	58974	5357
358	58375	5374
359	57937	5377
360	57148	5392
361	56579	5459
362	56996	5546
363	56994	5630
364	57301	5723
365	57405	5842
366	57162	5962
367	57111	6064
368	56803	6159
369	56386	6200
370	56010	6233
371	55549	6334
372	55244	6419
373	54800	6496
374	54362	6569
375	53773	6605
376	52971	6694
377	52282	6772
378	51497	6853
379	50861	6871
380	50196	6906
381	49379	6962
382	48575	6954
383	47436	7052
384	46283	7145
385	45239	7171
386	44449	7253
387	43408	7280
388	42495	7269
389	41747	7384
390	40678	7442
391	39779	7453
392	39616	7470
393	39231	7529
394	39017	7575
395	38736	7612
396	38206	7622
397	37755	7638
398	37210	7642
399	36586	7596
400	35943	7565
401	35322	7577
402	34803	7673
403	34273	7745
404	33713	7825
405	33056	7929
406	32296	8031
407	31534	8159
408	30734	8284
409	30036	8271
410	29346	8243
411	28542	8342
412	27833	8407
413	26846	8455
414	26004	8505
415	25151	8508
416	24458	8548
417	23606	8611
418	22784	8684
419	22147	8675
420	21388	8674
421	20705	8688
422	20408	8618
423	20001	8672
424	19660	8696
425	19300	8630
426	18817	8623
427	18434	8586
428	18016	8484
429	17601	8513
430	17203	8479
431	16767	8373
432	16391	8285
433	16062	8268
434	15711	8218
435	15335	8183
436	14927	8128
437	14563	8072
438	14182	7970
439	13899	7867
440	13620	7765
441	13252	7704
442	12950	7689
443	12552	7670
444	12207	7634
445	11851	7691
446	11517	7701
447	11174	7675
448	10800	7700
449	10542	7657
450	10272	7527
451	9990	7505
452	9922	7473
453	9832	7422
454	9728	7351
455	9660	7285
456	9511	7205
457	9439	7152
458	9284	7136
459	9162	7057
460	9046	6961
461	8960	6880
462	8878	6749
463	8808	6712
464	8703	6673
465	8617	6537
466	8539	6368
467	8499	6219
468	8383	6086
469	8309	5948
470	8270	5830
471	8163	5660
472	8114	5476
473	8039	5384
474	7938	5274
475	7877	5136
476	7796	4993
477	7725	4840
478	7601	4714
479	7579	4548
480	7509	4385
481	7483	4230
482	7597	4114
483	7696	4013
484	7789	3897
485	7892	3817
486	7927	3750
487	8020	3683
488	8125	3597
489	8189	3497
490	8266	3403
491	8369	3343
492	8423	3275
493	8500	3192
494	8543	3092
495	8599	3043
496	8606	2991
497	8688	2946
498	8719	2913
499	8769	2842
500	8899	2771
501	8917	2718
502	8992	2641
503	9002	2596
504	8953	2572
505	8995	2518
506	8986	2482
507	9007	2388
508	8983	2318
509	9069	2245
510	9072	2181
511	9119	2100
512	9347	2016
513	9548	1972
514	9775	1922
515	9982	1876
516	10110	1840
517	10312	1793
518	10559	1740
519	10724	1681
520	10940	1626
521	11097	1577
522	11247	1536
523	11401	1509
524	11531	1498
525	11679	1481
526	11793	1471
527	11969	1445
528	12092	1423
529	12227	1389
530	12464	1362
531	12554	1352
532	12674	1345
533	12757	1339
534	12762	1323
535	12850	1314
536	12915	1331
537	12992	1337
538	12986	1320
539	13104	1307
540	13177	1284
541	13296	1283
542	13646	1255
543	14029	1250
544	14386	1254
545	14708	1233
546	14915	1229
547	15247	1213
548	15689	1198
549	15971	1193
550	16335	1184
551	16609	1170
552	16921	1154
553	17185	1154
554	17453	1147
555	17704	1148
556	17907	1131
557	18213	1118
558	18469	1118
559	18684	1104
560	19066	1105
561	19237	1101
562	19436	1099
563	19580	1096
564	19619	1109
565	19750	1121
566	19860	1135
567	20029	1135
568	20061	1122
569	20253	1116
570	20385	1099
571	20596	1108
572	21112	1119
573	21724	1121
574	22278	1112
575	22823	1102
576	23123	1122
577	23639	1133
578	24320	1134
579	24754	1130
580	25323	1142
581	25745	1149
582	26196	1139
583	26609	1152
584	27024	1157
585	27416	1153
586	27735	1162
587	28192	1174
588	28556	1167
589	28879	1166
590	29392	1171
591	29623	1175
592	29926	1166
593	30145	1171
594	30178	1178
595	30350	1192
596	30533	1201
597	30775	1202
598	30809	1201
599	31131	1201
600	31347	1211
601	31680	1217
602	32495	1223
603	33419	1230
604	34279	1244
605	35114	1276
606	35584	1308
607	36409	1318
608	37439	1341
609	38042	1350
610	38839	1349
611	39428	1362
612	40088	1381
613	40693	1392
614	41285	1396
615	41853	1393
616	42284	1419
617	42881	1432
618	43414	1444
619	43824	1455
620	44522	1475
621	44822	1494
622	45252	1487
623	45553	1502
624	45582	1519
625	45813	1521
626	46113	1550
627	46400	1574
628	46366	1576
629	46788	1588
630	47031	1599
631	47485	1612
632	48662	1608
633	49963	1624
634	51175	1631
635	52333	1653
636	52949	1682
637	54110	1708
638	55463	1709
639	56225	1715
640	57276	1718
641	58050	1744
642	58900	1760
643	59718	1776
644	60428	1815
645	61082	1855
646	61555	1907
647	62205	1929
648	62758	1962
649	63116	1985
650	63951	1988
651	64342	2014
652	64759	2053
653	65033	2073
654	64973	2087
655	65191	2094
656	65476	2134
657	65730	2167
658	65568	2191
659	65993	2206
660	66129	2246
661	66630	2281
662	68084	2277
663	69639	2311
664	71019	2343
665	72393	2343
666	72994	2400
667	74305	2446
668	75677	2459
669	76491	2494
670	77489	2519
671	78237	2548
672	79031	2560
673	79994	2598
674	80575	2621
675	81019	2668
676	81326	2717
677	81834	2757
678	82193	2766
679	82265	2783
680	82921	2797
681	83166	2849
682	83183	2890
683	83225	2927
684	82843	2989
685	82780	3055
686	82817	3140
687	82769	3187
688	82202	3243
689	82328	3275
690	82133	3287
691	82392	3330
692	83622	3407
693	84989	3442
694	86269	3466
695	87332	3477
696	87665	3551
697	88651	3604
698	89516	3648
699	89972	3680
700	90589	3740
701	90882	3802
702	91334	3798
703	92126	3860
704	92253	3927
705	92183	3928
706	91955	4026
707	92012	4099
708	91845	4110
709	91399	4170
710	91639	4207
711	91535	4260
712	90930	4271
713	90417	4332
714	89527	4380
715	89019	4458
716	88751	4522
717	88252	4592
718	87233	4604
719	86777	4635
720	86045	4643
721	85833	4719
722	86404	4773
723	87211	4822
724	87791	4896
725	88245	5002
726	88103	5137
727	88276	5193
728	88360	5285
729	88109	5323
730	87989	5313
731	87634	5366
732	87264	5464
733	87458	5526
734	87022	5560
735	86292	5572
736	85271	5679
737	84640	5746
738	83882	5807
739	82830	5846
740	82273	5915
741	81621	5984
742	80451	5960
743	79471	6042
744	78179	6153
745	77202	6134
746	76309	6272
747	75254	6386
748	73751	6399
749	72835	6488
750	71823	6523
751	71083	6595
752	70845	6588
753	70914	6654
754	70989	6716
755	70672	6830
756	70079	6882
757	69523	6957
758	68998	6948
759	68481	6960
760	67825	6953
761	67142	6998
762	66428	7065
763	66114	7131
764	65299	7207
765	64278	7372
766	63002	7546
767	62019	7582
768	60960	7705
769	59610	7736
770	58799	7698
771	57937	7734
772	56587	7863
773	55343	7917
774	54047	7928
775	52942	7906
776	51915	8014
777	50796	8083
778	49435	8118
779	48437	8117
780	47365	8138
781	46557	8157
782	45816	8085
783	45495	8129
784	45396	8234
785	44841	8173
786	44092	8317
787	43312	8442
788	42649	8398
789	42011	8431
790	41293	8390
791	40723	8399
792	39946	8310
793	39533	8304
794	38707	8305
795	37860	8378
796	36787	8349
797	36009	8374
798	35025	8335
799	33888	8277
800	33164	8207
801	32532	8140
802	31646	8157
803	30653	8207
804	29738	8217
805	28876	8283
806	28235	8424
807	27377	8362
808	26358	8389
809	25510	8362
810	24690	8215
811	24167	8117
812	23563	8157
813	23211	8113
814	23033	8052
815	22552	7969
816	21932	8053
817	21389	8056
818	20946	7999
819	20462	7905
820	19957	7838
821	19679	7792
822	19110	7659
823	18821	7633
824	18263	7674
825	17871	7544
826	17252	7595
827	16729	7647
828	16148	7569
829	15541	7463
830	15143	7327
831	14804	7268
832	14379	7152
833	13837	7076
834	13383	7045
835	13009	6995
836	12777	6939
837	12466	6919
838	12048	6869
839	11679	6740
840	11320	6565
841	11171	6430
842	10966	6352
843	10825	6342
844	10767	6283
845	10646	6241
846	10428	6281
847	10306	6132
848	10156	6071
849	10057	6020
850	9909	5876
851	9857	5707
852	9667	5673
853	9609	5616
854	9445	5534
855	9380	5409
856	9230	5371
857	9150	5332
858	9016	5205
859	8880	5111
860	8817	5040
861	8775	4969
862	8723	4826
863	8540	4780
864	8397	4749
865	8310	4631
866	8265	4647
867	8190	4573
868	8055	4468
869	7951	4323
870	7883	4190
871	7914	4127
872	7964	4018
873	8127	3918
874	8273	3825
875	8364	3735
876	8375	3635
877	8447	3554
878	8537	3482
879	8643	3381
880	8701	3243
881	8748	3104
882	8791	3037
883	8898	2982
884	8949	2898
885	9028	2813
886	9072	2797
887	9215	2693
888	9298	2630
889	9390	2603
890	9554	2488
891	9599	2358
892	9682	2335
893	9671	2291
894	9661	2222
895	9716	2153
896	9767	2121
897	9851	2091
898	9837	2047
899	9869	2005
900	9929	1969
901	10044	1912
902	10300	1814
903	10653	1777
904	10961	1777
905	11173	1739
906	11320	1723
907	11536	1668
908	11796	1618
909	12039	1561
910	12195	1525
911	12294	1495
912	12478	1452
913	12676	1416
914	12847	1380
915	13032	1360
916	13185	1328
917	13463	1314
918	13687	1294
919	13918	1268
920	14232	1231
921	14347	1186
922	14529	1157
923	14573	1126
924	14583	1119
925	14727	1093
926	14823	1111
927	15007	1086
928	15019	1079
929	15104	1081
930	15253	1045
931	15450	1024
932	15897	1031
933	16486	1022
934	16979	1012
935	17347	987
936	17600	980
937	17931	976
938	18354	978
939	18748	967
940	19066	973
941	19261	965
942	19549	942
943	19864	938
944	20170	962
945	20439	949
946	20749	953
947	21158	957
948	21539	960
949	21940	950
950	22483	960
951	22677	945
952	23004	934
953	23071	932
954	23099	927
955	23329	923
956	23544	932
957	23829	952
958	23871	944
959	23971	933
960	24222	919
961	24537	919
962	25275	917
963	26228	915
964	26970	922
965	27563	928
966	27953	964
967	28470	968
968	29131	973
969	29698	983
970	30205	968
971	30470	971
972	30951	994
973	31434	996
974	31838	988
975	32217	988
976	32686	1023
977	33247	1024
978	33829	1039
979	34401	1042
980	35230	1066
981	35534	1073
982	36010	1068
983	36090	1070
984	36099	1112
985	36393	1104
986	36738	1133
987	37164	1148
988	37150	1151
989	37247	1153
990	37612	1168
991	38057	1163
992	39160	1154
993	40577	1164
994	41686	1171
995	42559	1174
996	43130	1202
997	43832	1214
998	44831	1214
999	45618	1212
1000	46365	1209
1001	46671	1224
1002	47345	1227
1003	48094	1238
1004	48690	1263
1005	49178	1293
1006	49830	1355
1007	50614	1360
1008	51325	1388
1009	52034	1421
1010	53188	1417
1011	53592	1431
1012	54237	1468
1013	54356	1485
1014	54295	1486
1015	54661	1480
1016	55001	1548
1017	55478	1555
1018	55379	1586
1019	55482	1589
1020	55948	1634
1021	56446	1661
1022	57956	1650
1023	59837	1655
1024	61399	1707
1025	62462	1696
1026	63193	1735
1027	64115	1757
1028	65429	1767
1029	66302	1779
1030	67267	1813
1031	67583	1810
1032	68392	1795
1033	69253	1819
1034	69858	1826
1035	70292	1847
1036	71106	1889
1037	72021	1917
1038	72825	1921
1039	73553	1925
1040	75056	1912
1041	75474	1941
1042	76133	1948
1043	76187	1972
1044	75998	2014
1045	76277	2057
1046	76602	2171
1047	77017	2179
1048	76686	2232
1049	76643	2276
1050	77064	2280
1051	77569	2302
1052	79130	2358
1053	81050	2385
1054	82928	2395
1055	84026	2396
1056	84679	2498
1057	85553	2512
1058	86786	2545
1059	87570	2555
1060	88468	2617
1061	88578	2659
1062	89293	2646
1063	90107	2668
1064	90552	2759
1065	90579	2741
1066	91182	2790
1067	91997	2808
1068	92473	2823
1069	92739	2846
1070	94179	2898
1071	94391	2901
1072	94653	2889
1073	94337	2929
1074	93816	2940
1075	93855	2986
1076	93976	3043
1077	94157	3090
1078	93577	3089
1079	93227	3095
1080	93360	3071
1081	93673	3114
1082	95057	3115
1083	96651	3159
1084	98502	3229
1085	99237	3280
1086	99368	3469
1087	99754	3494
1088	100604	3595
1089	100997	3652
1090	101286	3649
1091	100993	3689
1092	101136	3789
1093	101564	3804
1094	101469	3813
1095	101078	3814
1096	101128	3967
1097	101298	3999
1098	101034	4033
1099	100684	4034
1100	101647	4100
1101	101450	4154
1102	101114	4134
1103	100356	4159
1104	99381	4283
1105	98962	4256
1106	98791	4336
1107	98422	4375
1108	97347	4399
1109	96421	4441
1110	95853	4504
1111	95798	4504
1112	96553	4471
1113	97427	4505
1114	98640	4530
1115	98825	4583
1116	98429	4634
1117	98182	4711
1118	98454	4693
1119	98390	4696
1120	98132	4654
1121	97498	4710
1122	97325	4711
1123	97374	4777
1124	96837	4880
1125	96048	4971
1126	95504	5248
1127	95141	5284
1128	94300	5429
1129	93396	5493
1130	93718	5501
1131	93066	5545
1132	92266	5694
1133	91021	5698
1134	89574	5715
1135	88591	5716
1136	88012	5940
1137	87217	5966
1138	85836	6011
1139	84539	5997
1140	83627	6089
1141	83184	6163
1142	83308	6114
1143	83319	6150
1144	83915	6300
1145	83538	6250
1146	82744	6373
1147	82003	6432
1148	81693	6434
1149	80984	6461
1150	80253	6538
1151	79286	6528
1152	78669	6463
1153	78242	6487
1154	77270	6508
1155	76162	6578
1156	75329	6585
1157	74687	6663
1158	73728	6621
1159	72542	6616
1160	72453	6500
1161	71610	6537
1162	70642	6515
1163	69372	6608
1164	67947	6666
1165	66919	6779
1166	66342	7123
1167	65309	7161
1168	63818	7337
1169	62390	7379
1170	61452	7330
1171	60733	7366
1172	60362	7498
1173	59827	7467
1174	60020	7413
1175	59392	7380
1176	58489	7561
1177	57595	7540
1178	56896	7570
1179	56009	7509
1180	55321	7552
1181	54240	7598
1182	53496	7495
1183	53111	7523
1184	52039	7653
1185	51004	7537
1186	50149	7644
1187	49349	7716
1188	48401	7688
1189	47111	7626
1190	46709	7634
1191	45841	7557
1192	44832	7400
1193	43754	7409
1194	42562	7448
1195	41798	7510
1196	41318	7486
1197	40480	7521
1198	39403	7427
1199	38319	7375
1200	37696	7203
1201	37228	7175
1202	36904	7106
1203	36346	7160
1204	36504	7125
1205	35954	7174
1206	35151	7532
1207	34423	7510
1208	33890	7648
1209	33105	7662
1210	32722	7571
1211	31846	7541
1212	31146	7592
1213	30822	7556
1214	30033	7509
1215	29382	7441
1216	28669	7559
1217	28178	7541
1218	27487	7538
1219	26648	7446
1220	26293	7409
1221	25706	7390
1222	24899	7268
1223	24229	7228
1224	23398	7336
1225	22873	7207
1226	22619	7253
1227	22082	7295
1228	21364	7187
1229	20616	7042
1230	20027	6904
1231	19651	6779
1232	19416	6546
1233	19069	6474
1234	19087	6481
1235	18773	6482
1236	18401	6402
1237	18013	6376
1238	17772	6265
1239	17401	6138
1240	17341	5973
1241	16902	5868
1242	16623	5725
1243	16395	5702
1244	16092	5617
1245	15902	5608
1246	15503	5884
1247	15426	5761
1248	15051	5800
1249	14655	5747
1250	14508	5631
1251	14288	5531
1252	13962	5593
1253	13623	5494
1254	13249	5417
1255	13017	5325
1256	12959	5397
1257	12790	5318
1258	12502	5242
1259	12207	5106
1260	11968	5004
1261	11887	5004
1262	11853	4893
1263	11814	4797
1264	11897	4852
1265	11836	4774
1266	11684	4807
1267	11579	4907
1268	11588	4860
1269	11601	4723
1270	11658	4498
1271	11533	4402
1272	11518	4216
1273	11472	4150
1274	11477	4100
1275	11505	4034
1276	11375	3912
1277	11603	3906
1278	11605	3788
1279	11633	3695
1280	11687	3540
1281	11693	3444
1282	11657	3344
1283	11568	3313
1284	11487	3250
1285	11480	3259
1286	11437	3400
1287	11421	3336
1288	11337	3313
1289	11258	3240
1290	11229	3138
1291	11319	2987
1292	11518	2968
1293	11779	2894
1294	11944	2834
1295	12129	2733
1296	12187	2746
1297	12342	2696
1298	12561	2641
1299	12788	2598
1300	13040	2539
1301	13125	2547
1302	13335	2477
1303	13432	2424
1304	13603	2427
1305	13750	2380
1306	13719	2371
1307	14117	2380
1308	14267	2354
1309	14435	2271
1310	14646	2129
1311	14724	2073
1312	14840	1960
1313	14796	1954
1314	14787	1904
1315	14987	1865
1316	14993	1796
1317	15051	1789
1318	15060	1755
1319	15065	1705
1320	15144	1612
1321	15306	1556
1322	15700	1524
1323	16208	1506
1324	16538	1510
1325	16919	1488
1326	17130	1567
1327	17408	1545
1328	17779	1540
1329	18142	1526
1330	18481	1488
1331	18737	1424
1332	19083	1429
1333	19267	1421
1334	19600	1383
1335	19845	1364
1336	19851	1378
1337	20378	1369
1338	20648	1389
1339	20943	1376
1340	21275	1376
1341	21395	1390
1342	21608	1366
1343	21591	1358
1344	21540	1381
1345	21861	1365
1346	21836	1374
1347	21925	1367
1348	21925	1361
1349	21944	1340
1350	22126	1303
1351	22408	1292
1352	23042	1256
1353	23829	1272
1354	24344	1253
1355	24934	1250
1356	25333	1249
1357	25771	1246
1358	26297	1247
1359	26835	1237
1360	27310	1217
1361	27647	1219
1362	28225	1202
1363	28508	1196
1364	28936	1238
1365	29252	1266
1366	29244	1358
1367	29887	1357
1368	30262	1364
1369	30675	1380
1370	31189	1375
1371	31332	1371
1372	31623	1402
1373	31550	1418
1374	31458	1408
1375	31922	1402
1376	31865	1431
1377	32021	1436
1378	31961	1446
1379	31960	1445
1380	32216	1478
1381	32534	1510
1382	33425	1499
1383	34569	1496
1384	35221	1538
1385	35982	1525
1386	36597	1546
1387	37190	1545
1388	37934	1539
1389	38604	1542
1390	39126	1524
1391	39518	1511
1392	40334	1495
1393	40740	1523
1394	41250	1515
1395	41613	1519
1396	41626	1535
1397	42408	1539
1398	42822	1545
1399	43368	1534
1400	44135	1524
1401	44374	1553
1402	44872	1571
1403	44804	1575
1404	44594	1652
1405	45104	1683
1406	44998	1796
1407	45143	1801
1408	44952	1814
1409	44729	1842
1410	45059	1861
1411	45485	1884
1412	46733	1933
1413	48238	1948
1414	49186	1936
1415	50135	1933
1416	50863	1983
1417	51536	1998
1418	52461	2012
1419	53213	2007
1420	53835	2043
1421	54128	2103
1422	54991	2092
1423	55456	2091
1424	55882	2153
1425	56096	2143
1426	56030	2185
1427	56870	2186
1428	57228	2190
1429	57633	2203
1430	58605	2201
1431	58827	2192
1432	59389	2175
1433	59226	2200
1434	58844	2200
1435	59348	2228
1436	59179	2237
1437	59415	2254
1438	59026	2274
1439	58690	2269
1440	59164	2255
1441	59558	2307
1442	61171	2341
1443	62939	2352
1444	64119	2467
1445	65272	2501
1446	65925	2683
1447	66422	2701
1448	67447	2737
1449	68106	2771
1450	68727	2806
1451	68883	2834
1452	69658	2913
1453	70162	2920
1454	70328	2910
1455	70374	2906
1456	70231	2988
1457	71029	3019
1458	71226	3030
1459	71332	3034
1460	72325	3108
1461	72550	3191
1462	73029	3183
1463	72822	3178
1464	72193	3283
1465	72411	3252
1466	72226	3320
1467	72275	3317
1468	71664	3318
1469	71021	3352
1470	71494	3365
1471	71847	3339
1472	73467	3311
1473	75043	3355
1474	76652	3351
1475	77858	3388
1476	78344	3389
1477	78647	3406
1478	79792	3428
1479	80234	3413
1480	80808	3382
1481	80767	3452
1482	81381	3482
1483	81740	3500
1484	81747	3626
1485	81556	3663
1486	81211	3927
1487	81874	3939
1488	81759	3953
1489	81337	3998
1490	82259	4030
1491	82424	4067
1492	82534	4202
1493	82191	4202
1494	81408	4189
1495	81377	4166
1496	81166	4288
1497	81003	4321
1498	80115	4332
1499	79246	4320
1500	79454	4425
1501	79468	4522
1502	80621	4493
1503	81589	4516
1504	83219	4603
1505	84143	4554
1506	84161	4655
1507	83907	4650
1508	84796	4635
1509	84797	4689
1510	85069	4689
1511	84516	4647
1512	84749	4605
1513	84757	4628
1514	84499	4613
1515	84030	4657
1516	83555	4630
1517	83943	4643
1518	83457	4654
1519	82592	4615
1520	83220	4568
1521	83276	4631
1522	83095	4675
1523	82658	4715
1524	81738	4819
1525	81487	4847
1526	81150	5179
1527	80589	5181
1528	79454	5235
1529	78244	5308
1530	77959	5341
1531	77726	5371
1532	78392	5521
1533	78717	5515
1534	80079	5476
1535	80440	5442
1536	79941	5606
1537	79244	5628
1538	79566	5633
1539	79157	5629
1540	79152	5713
1541	78164	5841
1542	77899	5790
1543	77489	5798
1544	76977	5872
1545	76161	5805
1546	75343	5944
1547	75334	5932
1548	74490	5932
1549	73342	5997
1550	73267	6025
1551	73019	5946
1552	72418	5873
1553	71658	5889
1554	70522	5843
1555	69789	5903
1556	69312	5849
1557	68616	5827
1558	67324	5881
1559	66130	5832
1560	65606	5717
1561	65111	5740
1562	65550	5760
1563	65220	5810
1564	66066	5877
1565	65878	5888
1566	65113	6265
1567	64232	6252
1568	64108	6318
1569	63389	6421
1570	62996	6399
1571	62010	6391
1572	61337	6551
1573	60715	6494
1574	60084	6421
1575	59235	6373
1576	58447	6531
1577	58077	6529
1578	57181	6537
1579	56069	6524
1580	55760	6594
1581	55236	6731
1582	54501	6649
1583	53589	6629
1584	52572	6722
1585	51680	6635
1586	51089	6792
1587	50349	6768
1588	49209	6728
1589	48040	6794
1590	47345	6761
1591	46683	6670
1592	46599	6558
1593	46026	6545
1594	46423	6485
1595	46021	6519
1596	45305	6426
1597	44611	6354
1598	44273	6396
1599	43670	6333
1600	43386	6214
1601	42685	6161
1602	42221	6157
1603	41791	6171
1604	41302	6191
1605	40651	6202
1606	39928	6533
1607	39500	6489
1608	38843	6505
1609	37995	6601
1610	37687	6523
1611	37357	6475
1612	36724	6634
1613	36028	6584
1614	35254	6466
1615	34584	6410
1616	34187	6566
1617	33538	6538
1618	32672	6543
1619	31836	6497
1620	31247	6534
1621	30762	6650
1622	30508	6512
1623	30099	6451
1624	30323	6497
1625	29968	6368
1626	29437	6485
1627	28941	6401
1628	28557	6330
1629	28053	6319
1630	27820	6246
1631	27216	6131
1632	26864	5962
1633	26511	5899
1634	26114	5824
1635	25751	5831
1636	25232	5694
1637	24981	5604
1638	24643	5603
1639	24193	5504
1640	24064	5370
1641	23867	5252
1642	23392	5166
1643	22922	5128
1644	22339	5096
1645	21946	5107
1646	21604	5364
1647	21169	5289
1648	20674	5216
1649	20123	5198
1650	19819	5051
1651	19687	4996
1652	19498	5059
1653	19476	4987
1654	19630	4844
1655	19443	4764
1656	19312	4884
1657	19226	4824
1658	19065	4821
1659	18896	4805
1660	18875	4798
1661	18606	4861
1662	18480	4746
1663	18359	4646
1664	18172	4673
1665	18079	4594
1666	17743	4712
1667	17753	4683
1668	17659	4644
1669	17454	4572
1670	17437	4498
1671	17404	4397
1672	17158	4293
1673	16890	4262
1674	16554	4206
1675	16480	4206
1676	16361	4082
1677	16126	3998
1678	15932	3986
1679	15672	3921
1680	15597	3771
1681	15734	3678
1682	15851	3616
1683	16278	3536
1684	16506	3506
1685	16536	3493
1686	16690	3690
1687	16889	3623
1688	16951	3552
1689	17057	3539
1690	17211	3400
1691	17173	3351
1692	17224	3347
1693	17239	3292
1694	17339	3182
1695	17393	3108
1696	17224	3189
1697	17444	3147
1698	17582	3148
1699	17621	3092
1700	17814	3084
1701	18008	3128
1702	17964	3042
1703	17796	2986
1704	17562	3001
1705	17635	2930
1706	17585	2986
1707	17409	2979
1708	17328	2947
1709	17186	2856
1710	17200	2817
1711	17504	2763
1712	17807	2708
1713	18515	2668
1714	18914	2633
1715	19105	2603
1716	19499	2537
1717	19858	2482
1718	20058	2451
1719	20313	2421
1720	20536	2318
1721	20654	2266
1722	20914	2228
1723	21047	2162
1724	21348	2204
1725	21484	2169
1726	21345	2304
1727	21684	2275
1728	21975	2233
1729	22169	2223
1730	22479	2140
1731	22759	2110
1732	22852	2120
1733	22670	2095
1734	22485	2021
1735	22602	1982
1736	22525	2023
1737	22415	2011
1738	22345	2024
1739	22247	1990
1740	22378	2021
1741	22834	2057
1742	23363	2031
1743	24406	2009
1744	24995	2012
1745	25308	1986
1746	25794	2006
1747	26154	2013
1748	26521	2001
1749	26928	1984
1750	27201	1960
1751	27370	1926
1752	27740	1885
1753	27986	1885
1754	28503	1860
1755	28677	1850
1756	28598	1820
1757	29114	1801
1758	29595	1795
1759	29961	1782
1760	30482	1745
1761	30833	1752
1762	31020	1727
1763	30845	1712
1764	30607	1807
1765	30725	1844
1766	30623	1968
1767	30523	1952
1768	30412	1942
1769	30233	1964
1770	30463	1937
1771	31057	1944
1772	31884	1974
1773	33315	1970
1774	34155	1929
1775	34658	1910
1776	35247	1950
1777	35620	1951
1778	36237	1973
1779	36778	1975
1780	37151	2053
1781	37316	2101
1782	37762	2082
1783	38005	2074
1784	38568	2114
1785	38705	2086
1786	38491	2115
1787	39070	2109
1788	39643	2105
1789	39977	2109
1790	40668	2077
1791	41019	2052
1792	41253	2032
1793	40981	2050
1794	40612	2042
1795	40719	2048
1796	40607	2031
1797	40419	2028
1798	40252	2033
1799	40051	2026
1800	40357	2000
1801	41062	2029
1802	42245	2047
1803	43952	2053
1804	45051	2175
1805	45698	2239
1806	46209	2364
1807	46554	2369
1808	47368	2381
1809	47939	2411
1810	48402	2396
1811	48529	2438
1812	49031	2486
1813	49287	2477
1814	49717	2467
1815	49906	2459
1816	49663	2526
1817	50410	2541
1818	50958	2558
1819	51209	2554
1820	51930	2665
1821	52200	2746
1822	52424	2729
1823	52033	2733
1824	51494	2795
1825	51565	2774
1826	51392	2810
1827	51187	2806
1828	50859	2804
1829	50548	2824
1830	50773	2813
1831	51446	2787
1832	52914	2762
1833	54776	2792
1834	56031	2789
1835	56851	2794
1836	57255	2770
1837	57482	2758
1838	58628	2779
1839	59220	2768
1840	59738	2739
1841	59829	2773
1842	60389	2803
1843	60673	2817
1844	60879	2966
1845	60929	3033
1846	60558	3198
1847	61310	3196
1848	61727	3220
1849	61728	3272
1850	62481	3271
1851	62747	3319
1852	62939	3382
1853	62491	3377
1854	61820	3366
1855	61753	3363
1856	61451	3467
1857	61098	3489
1858	60572	3511
1859	60015	3495
1860	60121	3630
1861	60598	3735
1862	62024	3706
1863	63684	3704
1864	64950	3787
1865	65790	3741
1866	65769	3801
1867	65689	3796
1868	66956	3787
1869	67304	3810
1870	67642	3793
1871	67531	3764
1872	67771	3721
1873	67849	3744
1874	67749	3733
1875	67611	3724
1876	67145	3705
1877	67870	3673
1878	68057	3702
1879	67828	3692
1880	68539	3651
1881	68877	3668
1882	69008	3702
1883	68515	3733
1884	67699	3867
1885	67250	3937
1886	66812	4158
1887	66309	4168
1888	65547	4207
1889	64655	4261
1890	64518	4254
1891	64807	4296
1892	66032	4371
1893	67128	4362
1894	68193	4347
1895	68880	4350
1896	68383	4491
1897	67904	4537
1898	68823	4557
1899	68790	4551
1900	68759	4647
1901	68272	4777
1902	68225	4752
1903	68177	4745
1904	67724	4789
1905	67307	4732
1906	66578	4775
1907	66882	4766
1908	66637	4755
1909	65988	4795
1910	66490	4784
1911	66660	4742
1912	66515	4692
1913	65783	4728
1914	64876	4714
1915	64108	4724
1916	63665	4696
1917	63158	4654
1918	62362	4725
1919	61402	4710
1920	61129	4644
1921	61206	4637
1922	62292	4655
1923	63019	4666
1924	63987	4843
1925	64533	4875
1926	63813	5172
1927	63150	5178
1928	63709	5242
1929	63369	5317
1930	63132	5338
1931	62462	5360
1932	62146	5487
1933	61979	5478
1934	61234	5456
1935	60587	5464
1936	59678	5688
1937	59612	5730
1938	58883	5764
1939	58079	5776
1940	58299	5881
1941	58243	5997
1942	57766	5949
1943	56839	5932
1944	55955	5979
1945	55105	5906
1946	54597	5957
1947	53990	5927
1948	53053	5902
1949	52089	5948
1950	51544	5933
1951	51377	5856
1952	52175	5778
1953	52351	5792
1954	53008	5795
1955	53211	5811
1956	52534	5748
1957	52037	5680
1958	52383	5775
1959	51976	5724
1960	51797	5606
1961	51193	5570
1962	50980	5555
1963	51018	5544
1964	50366	5638
1965	49739	5629
1966	48859	6016
1967	48622	5990
1968	47980	6095
1969	47240	6148
1970	47389	6176
1971	47372	6207
1972	46792	6290
1973	45854	6258
1974	45181	6193
1975	44453	6179
1976	44058	6370
1977	43524	6382
1978	42555	6414
1979	41670	6351
1980	41113	6404
1981	40855	6489
1982	41169	6377
1983	41146	6306
1984	41455	6338
1985	41440	6238
1986	40746	6279
1987	40313	6222
1988	40352	6196
1989	39874	6190
1990	39660	6117
1991	39104	5996
1992	38864	5846
1993	38832	5837
1994	38342	5788
1995	37893	5744
1996	37190	5654
1997	36967	5551
1998	36551	5632
1999	35953	5557
