1000 452
999 412
998 385
997 656
996 706
995 676
994 859
993 1123
992 1211
991 1387
990 1815
989 2164
988 2449
987 2949
986 3502
985 3903
984 4308
983 4693
982 4945
981 5126
980 5256
979 5303
978 5325
977 5328
976 5331
975 5323
974 5306
973 5275
972 5244
971 5220
970 5205
969 5217
968 5217
967 5225
966 5237
965 5233
964 5228
963 5216
962 5161
961 5117
960 5042
959 5012
958 4985
957 4997
956 5001
955 5001
954 5015
953 5014
952 5007
951 4932
950 4824
949 4689
948 4565
947 4450
946 4365
945 4288
944 4225
943 4207
942 4141
941 4077
940 3994
939 3838
938 3594
937 3297
936 3051
935 2832
934 2585
933 2374
932 2168
931 2027
930 1853
929 1747
928 1561
927 1393
926 1213
925 1049
924 914
923 783
922 698
921 628
920 582
919 524
918 479
917 414
916 378
915 326
914 295
913 294
912 320
911 356
910 421
909 502
908 586
907 679
906 797
905 930
904 1051
903 1199
902 1354
901 1526
900 1693
899 1882
898 2092
897 2311
896 2532
895 2770
894 3009
893 3278
892 3553
891 3831
890 4137
889 4407
888 4641
887 4850
886 5023
885 5158
884 5259
883 5332
882 5365
881 5385
880 5387
879 5385
878 5387
877 5382
876 5374
875 5372
874 5367
873 5370
872 5372
871 5372
870 5373
869 5373
868 5373
867 5372
866 5371
865 5361
864 5350
863 5343
862 5339
861 5338
860 5338
859 5336
858 5340
857 5343
856 5343
855 5342
854 5338
853 5323
852 5296
851 5280
850 5266
849 5270
848 5269
847 5269
846 5271
845 5270
844 5275
843 5272
842 5265
841 5233
840 5185
839 5152
838 5113
837 5092
836 5065
835 5025
834 4998
833 4974
832 4947
831 4904
830 4859
829 4801
828 4730
827 4674
826 4612
825 4557
824 4498
823 4451
822 4410
821 4382
820 4329
819 4288
818 4222
817 4146
816 4046
815 3949
814 3868
813 3772
812 3708
811 3628
810 3569
809 3519
808 3484
807 3432
806 3342
805 3265
804 3164
803 3061
802 2960
801 2865
800 2778
799 2703
798 2646
797 2621
796 2547
795 2523
794 2504
793 2473
792 2440
791 2452
790 2459
789 2476
788 2518
787 2564
786 2608
785 2697
784 2744
783 2820
782 2880
781 2954
780 3025
779 3097
778 3191
777 3267
776 3351
775 3439
774 3537
773 3630
772 3758
771 3837
770 3928
769 4017
768 4090
767 4131
766 4177
765 4201
764 4185
763 4178
762 4174
761 4145
760 4129
759 4119
758 4118
757 4075
756 4056
755 4033
754 3962
753 3931
752 3850
751 3744
750 3684
749 3599
748 3499
747 3448
746 3387
745 3366
744 3318
743 3280
742 3269
741 3195
740 3128
739 3052
738 2990
737 2921
736 2796
735 2741
734 2634
733 2563
732 2496
731 2409
730 2332
729 2246
728 2137
727 2044
726 1966
725 1866
724 1792
723 1748
722 1731
721 1736
720 1732
719 1735
718 1732
717 1727
716 1737
715 1734
714 1764
713 1777
712 1809
711 1846
710 1910
709 1967
708 2024
707 2115
706 2227
705 2318
704 2414
703 2519
702 2620
701 2737
700 2858
699 2973
698 3120
697 3264
696 3376
695 3500
694 3660
693 3785
692 3892
691 3997
690 4093
689 4193
688 4279
687 4361
686 4471
685 4533
684 4599
683 4663
682 4700
681 4703
680 4705
679 4692
678 4682
677 4631
676 4598
675 4537
674 4489
673 4447
672 4384
671 4331
670 4266
669 4208
668 4153
667 4087
666 4015
665 3929
664 3834
663 3750
662 3653
661 3573
660 3493
659 3410
658 3354
657 3252
656 3167
655 3070
654 2997
653 2898
652 2836
651 2761
650 2717
649 2652
648 2633
647 2599
646 2611
645 2595
644 2612
643 2603
642 2626
641 2660
640 2714
639 2722
638 2771
637 2818
636 2839
635 2875
634 2930
633 2993
632 3049
631 3087
630 3161
629 3220
628 3282
627 3353
626 3435
625 3493
624 3558
623 3641
622 3701
621 3769
620 3800
619 3847
618 3894
617 3929
616 3939
615 3949
614 3945
613 3969
612 3965
611 3950
610 3957
609 3947
608 3949
607 3951
606 3958
605 3951
604 3942
603 3932
602 3921
601 3894
600 3874
599 3884
598 3837
597 3814
596 3779
595 3741
594 3707
593 3638
592 3587
591 3518
590 3447
589 3370
588 3304
587 3224
586 3148
585 3069
584 2969
583 2894
582 2785
581 2722
580 2660
579 2583
578 2516
577 2452
576 2382
575 2316
574 2260
573 2201
572 2122
571 2038
570 1969
569 1916
568 1861
567 1823
566 1795
565 1761
564 1736
563 1739
562 1737
561 1710
560 1701
559 1709
558 1714
557 1766
556 1827
555 1863
554 1920
553 1985
552 2083
551 2170
550 2278
549 2354
548 2486
547 2610
546 2739
545 2880
544 3026
543 3150
542 3276
541 3425
540 3562
539 3683
538 3817
537 3916
536 4003
535 4089
534 4170
533 4258
532 4330
531 4374
530 4425
529 4463
528 4490
527 4508
526 4529
525 4527
524 4516
523 4513
522 4505
521 4498
520 4485
519 4463
518 4409
517 4353
516 4319
515 4234
514 4195
513 4138
512 4070
511 4041
510 3955
509 3876
508 3828
507 3767
506 3669
505 3591
504 3514
503 3432
502 3362
501 3276
500 3214
499 3134
498 3023
497 2970
496 2897
495 2819
494 2725
493 2633
492 2547
491 2434
490 2359
489 2298
488 2228
487 2167
486 2125
485 2081
484 2030
483 2005
482 1970
481 1915
480 1884
479 1831
478 1808
477 1817
476 1792
475 1756
474 1749
473 1786
472 1808
471 1823
470 1874
469 1952
468 2017
467 2097
466 2181
465 2260
464 2359
463 2462
462 2540
461 2621
460 2707
459 2790
458 2903
457 2989
456 3079
455 3183
454 3270
453 3348
452 3398
451 3456
450 3487
449 3514
448 3544
447 3550
446 3545
445 3564
444 3578
443 3596
442 3605
441 3617
440 3609
439 3621
438 3611
437 3610
436 3588
435 3572
434 3549
433 3531
432 3483
431 3428
430 3392
429 3344
428 3279
427 3238
426 3211
425 3121
424 3041
423 2969
422 2904
421 2820
420 2772
419 2712
418 2646
417 2576
416 2543
415 2486
414 2456
413 2418
412 2368
411 2332
410 2297
409 2271
408 2287
407 2240
406 2243
405 2244
404 2232
403 2247
402 2230
401 2231
400 2222
399 2248
398 2259
397 2300
396 2307
395 2348
394 2399
393 2446
392 2481
391 2557
390 2637
389 2657
388 2725
387 2792
386 2870
385 2894
384 2948
383 2973
382 2984
381 2987
380 2992
379 3008
378 3011
377 3035
376 3072
375 3067
374 3069
373 3066
372 3047
371 3045
370 3036
369 3023
368 3000
367 2965
366 2946
365 2950
364 2962
363 2967
362 3006
361 3041
360 3077
359 3106
358 3163
357 3172
356 3173
355 3194
354 3173
353 3178
352 3165
351 3136
350 3130
349 3125
348 3100
347 3060
346 3024
345 2993
344 2950
343 2888
342 2823
341 2788
340 2749
339 2707
338 2702
337 2633
336 2638
335 2652
334 2637
333 2643
332 2634
331 2631
330 2631
329 2648
328 2620
327 2620
326 2597
325 2610
324 2594
323 2587
322 2553
321 2513
320 2446
319 2413
318 2393
317 2381
316 2335
315 2345
314 2357
313 2408
312 2473
311 2519
310 2550
309 2596
308 2626
307 2663
306 2676
305 2691
304 2700
303 2701
302 2711
301 2707
300 2712
299 2735
298 2760
297 2773
296 2811
295 2850
294 2863
293 2865
292 2880
291 2934
290 2953
289 2967
288 2983
287 2986
286 2983
285 2967
284 2965
283 2961
282 2946
281 2917
280 2921
279 2919
278 2904
277 2878
276 2882
275 2877
274 2901
273 2891
272 2906
271 2953
270 2957
269 2939
268 2928
267 2910
266 2876
265 2853
264 2817
263 2784
262 2754
261 2722
260 2760
259 2727
258 2732
257 2685
256 2623
255 2573
254 2504
253 2460
252 2419
251 2368
250 2354
249 2341
248 2325
247 2309
246 2278
245 2247
244 2229
243 2203
242 2173
241 2151
240 2128
239 2087
238 2090
237 2090
236 2108
235 2117
234 2147
233 2171
232 2209
231 2251
230 2300
229 2385
228 2468
227 2562
226 2625
225 2697
224 2754
223 2826
222 2883
221 2961
220 3043
219 3088
218 3145
217 3207
216 3288
215 3388
214 3477
213 3565
212 3652
211 3729
210 3810
209 3877
208 3945
207 3983
206 4012
205 4054
204 4098
203 4091
202 4108
201 4096
200 4099
199 4055
198 4023
197 3967
196 3913
195 3838
194 3802
193 3713
192 3642
191 3596
190 3528
189 3457
188 3377
187 3272
186 3198
185 3126
184 3055
183 2965
182 2883
181 2786
180 2696
179 2633
178 2514
177 2453
176 2366
175 2262
174 2167
173 2112
172 2060
171 2015
170 1986
169 1968
168 1929
167 1918
166 1912
165 1928
164 1935
163 1960
162 1977
161 2010
160 2063
159 2088
158 2176
157 2254
156 2345
155 2441
154 2539
153 2635
152 2731
151 2810
150 2909
149 2998
148 3068
147 3168
146 3237
145 3279
144 3325
143 3357
142 3387
141 3414
140 3422
139 3445
138 3445
137 3449
136 3450
135 3437
134 3423
133 3399
132 3382
131 3355
130 3328
129 3308
128 3301
127 3316
126 3366
125 3380
124 3381
123 3368
122 3375
121 3374
120 3346
119 3316
118 3298
117 3243
116 3232
115 3227
114 3201
113 3165
112 3106
111 3086
110 3015
109 2979
108 2936
107 2881
106 2817
105 2763
104 2719
103 2670
102 2632
101 2595
100 2544
99 2504
98 2479
97 2425
96 2384
95 2341
94 2318
93 2266
92 2258
91 2228
90 2226
89 2236
88 2268
87 2275
86 2310
85 2344
84 2370
83 2429
82 2492
81 2525
80 2604
79 2695
78 2755
77 2854
76 2918
75 3013
74 3116
73 3155
72 3201
71 3264
70 3285
69 3297
68 3343
67 3347
66 3370
65 3375
64 3407
63 3399
62 3404
61 3371
60 3335
59 3285
58 3248
57 3190
56 3122
55 3076
54 3026
53 2948
52 2882
51 2819
50 2730
49 2677
48 2599
47 2572
46 2486
45 2429
44 2386
43 2360
42 2282
41 2246
40 2192
39 2172
38 2067
37 2016
36 1979
35 1944
34 1910
33 1921
32 1942
31 1964
30 1994
29 2045
28 2105
27 2150
26 2222
25 2341
24 2443
23 2564
22 2698
21 2816
20 2937
19 3082
18 3206
17 3326
16 3451
15 3579
14 3703
13 3835
12 3950
11 4043
10 4130
9 4213
8 4278
7 4314
6 4335
5 4345
4 4349
3 4318
2 4293
1 4247
