1000 100
999 100
998 100
997 100
996 100
995 100
994 92
993 77
992 66
991 56
990 39
989 37
988 34
987 33
986 35
985 43
984 51
983 58
982 63
981 64
980 64
979 64
978 64
977 64
976 65
975 68
974 78
973 94
972 108
971 121
970 127
969 128
968 128
967 128
966 128
965 129
964 133
963 145
962 170
961 200
960 228
959 245
958 254
957 255
956 256
955 256
954 256
953 261
952 274
951 310
950 365
949 418
948 465
947 492
946 505
945 508
944 509
943 511
942 511
941 522
940 552
939 612
938 689
937 761
936 805
935 818
934 831
933 832
932 826
931 815
930 777
929 761
928 756
927 768
926 763
925 754
924 726
923 684
922 648
921 590
920 534
919 483
918 430
917 380
916 339
915 309
914 285
913 263
912 244
911 231
910 214
909 191
908 153
907 125
906 95
905 69
904 45
903 27
902 17
901 10
900 7
899 8
898 6
897 5
896 5
895 5
894 5
893 5
892 5
891 5
890 6
889 6
888 8
887 10
886 10
885 10
884 10
883 10
882 10
881 10
880 10
879 11
878 11
877 14
876 17
875 20
874 20
873 20
872 20
871 20
870 20
869 20
868 20
867 22
866 23
865 28
864 35
863 40
862 40
861 40
860 40
859 40
858 40
857 40
856 41
855 42
854 47
853 56
852 67
851 76
850 80
849 80
848 80
847 80
846 80
845 80
844 81
843 83
842 96
841 114
840 131
839 147
838 155
837 158
836 160
835 160
834 160
833 160
832 162
831 171
830 184
829 205
828 223
827 233
826 241
825 245
824 246
823 244
822 233
821 225
820 222
819 228
818 234
817 254
816 272
815 284
814 295
813 303
812 305
811 303
810 299
809 280
808 278
807 272
806 286
805 303
804 325
803 340
802 348
801 358
800 359
799 356
798 348
797 343
796 339
795 331
794 330
793 325
792 333
791 338
790 333
789 329
788 309
787 291
786 260
785 241
784 221
783 213
782 201
781 199
780 187
779 188
778 196
777 203
776 219
775 224
774 228
773 231
772 229
771 226
770 231
769 230
768 237
767 247
766 252
765 264
764 286
763 305
762 315
761 320
760 328
759 333
758 339
757 350
756 356
755 364
754 372
753 390
752 414
751 437
750 447
749 462
748 462
747 462
746 457
745 444
744 419
743 404
742 396
741 396
740 402
739 407
738 411
737 415
736 425
735 429
734 429
733 433
732 432
731 433
730 442
729 460
728 466
727 477
726 487
725 491
724 501
723 485
722 467
721 443
720 413
719 398
718 372
717 340
716 329
715 322
714 316
713 318
712 299
711 281
710 270
709 262
708 245
707 230
706 218
705 214
704 203
703 199
702 195
701 190
700 194
699 190
698 186
697 182
696 177
695 165
694 151
693 142
692 139
691 134
690 138
689 141
688 140
687 142
686 144
685 151
684 160
683 165
682 170
681 178
680 189
679 196
678 210
677 231
676 246
675 256
674 266
673 276
672 285
671 291
670 302
669 313
668 311
667 319
666 328
665 338
664 348
663 344
662 347
661 345
660 343
659 350
658 350
657 357
656 365
655 375
654 378
653 379
652 376
651 370
650 367
649 366
648 344
647 323
646 299
645 273
644 254
643 245
642 231
641 213
640 203
639 218
638 219
637 227
636 228
635 229
634 226
633 225
632 218
631 217
630 212
629 214
628 213
627 216
626 218
625 225
624 233
623 230
622 228
621 229
620 235
619 240
618 249
617 248
616 262
615 271
614 283
613 292
612 296
611 298
610 306
609 306
608 307
607 312
606 320
605 326
604 333
603 346
602 344
601 347
600 349
599 353
598 354
597 358
596 361
595 366
594 379
593 389
592 395
591 405
590 406
589 422
588 434
587 435
586 442
585 432
584 434
583 445
582 444
581 441
580 434
579 429
578 428
577 425
576 429
575 414
574 414
573 411
572 411
571 422
570 426
569 423
568 408
567 409
566 402
565 408
564 407
563 408
562 408
561 402
560 397
559 392
558 381
557 360
556 343
555 317
554 304
553 291
552 267
551 256
550 247
549 247
548 239
547 221
546 203
545 191
544 179
543 172
542 162
541 154
540 146
539 136
538 131
537 132
536 134
535 132
534 135
533 133
532 141
531 148
530 153
529 164
528 176
527 180
526 186
525 193
524 200
523 202
522 211
521 218
520 226
519 235
518 245
517 253
516 264
515 275
514 283
513 297
512 303
511 317
510 324
509 334
508 336
507 349
506 369
505 385
504 403
503 400
502 406
501 413
500 418
499 432
498 436
497 431
496 436
495 444
494 460
493 475
492 480
491 498
490 504
489 504
488 508
487 520
486 506
485 501
484 496
483 486
482 484
481 477
480 467
479 470
478 467
477 467
476 469
475 462
474 457
473 446
472 445
471 435
470 410
469 397
468 374
467 366
466 345
465 343
464 341
463 329
462 329
461 327
460 313
459 311
458 303
457 293
456 279
455 264
454 254
453 234
452 235
451 240
450 247
449 258
448 266
447 277
446 286
445 290
444 292
443 295
442 300
441 302
440 308
439 321
438 341
437 354
436 378
435 381
434 388
433 397
432 397
431 392
430 391
429 396
428 399
427 410
426 418
425 438
424 451
423 461
422 469
421 488
420 493
419 489
418 492
417 502
416 491
415 479
414 474
413 479
412 476
411 456
410 449
409 439
408 441
407 432
406 431
405 426
404 416
403 416
402 410
401 400
400 396
399 392
398 395
397 400
396 410
395 415
394 418
393 421
392 428
391 412
390 406
389 389
388 372
387 376
386 365
385 352
384 352
383 361
382 342
381 333
380 328
379 326
378 323
377 322
376 313
375 313
374 308
373 314
372 314
371 325
370 323
369 326
368 335
367 346
366 341
365 341
364 336
363 343
362 344
361 352
360 349
359 360
358 367
357 372
356 380
355 393
354 388
353 388
352 394
351 405
350 413
349 418
348 430
347 440
346 452
345 454
344 461
343 477
342 476
341 480
340 483
339 479
338 466
337 462
336 457
335 449
334 450
333 441
332 435
331 419
330 421
329 416
328 414
327 414
326 420
325 437
324 440
323 451
322 453
321 463
320 475
319 491
318 495
317 498
316 503
315 509
314 502
313 489
312 460
311 447
310 423
309 394
308 364
307 342
306 320
305 315
304 325
303 338
302 344
301 346
300 353
299 359
298 374
297 376
296 378
295 390
294 385
293 398
292 402
291 397
290 394
289 404
288 398
287 397
286 401
285 396
284 404
283 403
282 410
281 423
280 427
279 431
278 424
277 419
276 416
275 414
274 405
273 405
272 385
271 381
270 365
269 353
268 353
267 359
266 379
265 386
264 406
263 420
262 424
261 423
260 431
259 428
258 444
257 450
256 455
255 469
254 469
253 472
252 488
251 480
250 468
249 451
248 429
247 418
246 408
245 393
244 384
243 376
242 376
241 378
240 377
239 378
238 384
237 377
236 377
235 372
234 368
233 371
232 364
231 354
230 336
229 326
228 314
227 305
226 302
225 300
224 297
223 296
222 289
221 281
220 270
219 266
218 254
217 237
216 212
215 193
214 182
213 184
212 189
211 191
210 201
209 213
208 222
207 236
206 249
205 259
204 268
203 273
202 280
201 297
200 304
199 311
198 319
197 328
196 340
195 344
194 349
193 355
192 365
191 366
190 370
189 386
188 402
187 418
186 424
185 424
184 434
183 443
182 456
181 467
180 471
179 480
178 487
177 492
176 509
175 523
174 535
173 542
172 544
171 527
170 522
169 512
168 504
167 483
166 475
165 463
164 454
163 445
162 440
161 416
160 408
159 392
158 385
157 365
156 350
155 341
154 323
153 308
152 291
151 267
150 273
149 273
148 269
147 277
146 277
145 276
144 277
143 276
142 272
141 269
140 270
139 275
138 284
137 290
136 305
135 318
134 332
133 343
132 346
131 349
130 351
129 349
128 350
127 344
126 343
125 345
124 353
123 359
122 362
121 356
120 361
119 373
118 377
117 377
116 387
115 391
114 402
113 404
112 423
111 436
110 451
109 462
108 475
107 480
106 492
105 502
104 488
103 487
102 493
101 487
100 476
99 456
98 440
97 441
96 429
95 418
94 414
93 415
92 414
91 409
90 389
89 381
88 375
87 370
86 372
85 376
84 369
83 375
82 385
81 388
80 397
79 392
78 394
77 389
76 387
75 379
74 373
73 379
72 383
71 396
70 400
69 399
68 404
67 401
66 400
65 394
64 400
63 391
62 389
61 378
60 377
59 374
58 368
57 368
56 366
55 366
54 367
53 369
52 364
51 375
50 387
49 386
48 383
47 382
46 385
45 378
44 379
43 384
42 398
41 401
40 406
39 415
38 424
37 419
36 421
35 422
34 416
33 402
32 389
31 383
30 368
29 358
28 338
27 330
26 321
25 300
24 286
23 274
22 259
21 250
20 238
19 231
18 220
17 214
16 215
15 212
14 210
13 208
12 213
11 219
10 220
9 220
8 233
7 247
6 259
5 277
4 294
3 309
2 317
1 330
