113 70 1000
103 70 999
98 70 998
174 70 997
180 70 996
170 70 995
226 44 994
291 30 993
316 20 992
366 14 991
480 9 990
581 9 989
660 7 988
821 7 987
1039 6 986
1224 5 985
1469 2 984
1840 2 983
2223 2 982
2614 2 981
3102 2 980
3637 2 979
4099 2 978
4492 2 977
4832 2 976
5054 2 975
5184 2 974
5282 2 973
5342 2 972
5375 2 971
5387 3 970
5394 3 969
5394 4 968
5394 4 967
5395 4 966
5394 4 965
5395 4 964
5395 4 963
5394 4 962
5396 4 961
5395 4 960
5395 4 959
5396 4 958
5396 4 957
5395 4 956
5394 4 955
5394 4 954
5395 4 953
5395 4 952
5396 4 951
5395 4 950
5395 4 949
5396 4 948
5393 5 947
5390 6 946
5389 7 945
5386 8 944
5387 8 943
5387 8 942
5387 8 941
5390 8 940
5389 8 939
5391 8 938
5390 8 937
5390 8 936
5391 8 935
5391 8 934
5388 8 933
5391 8 932
5391 8 931
5391 8 930
5390 8 929
5390 8 928
5391 8 927
5391 8 926
5390 8 925
5389 9 924
5384 11 923
5380 12 922
5377 15 921
5372 16 920
5375 16 919
5376 16 918
5377 16 917
5379 16 916
5379 16 915
5381 16 914
5380 16 913
5378 16 912
5382 16 911
5382 16 910
5382 16 909
5379 16 908
5379 16 907
5379 16 906
5382 16 905
5382 16 904
5382 16 903
5382 16 902
5380 16 901
5378 19 900
5369 23 899
5361 27 898
5355 30 897
5349 32 896
5354 32 895
5353 32 894
5358 32 893
5360 32 892
5359 32 891
5360 32 890
5358 32 889
5363 32 888
5364 32 887
5360 32 886
5363 32 885
5367 32 884
5359 32 883
5360 32 882
5363 32 881
5361 32 880
5366 32 879
5363 32 878
5358 35 877
5349 41 876
5337 47 875
5320 54 874
5311 58 873
5302 63 872
5304 64 871
5303 64 870
5301 64 869
5308 64 868
5311 64 867
5317 64 866
5322 64 865
5320 64 864
5320 64 863
5326 64 862
5323 64 861
5322 64 860
5326 64 859
5325 64 858
5325 64 857
5325 64 856
5324 64 855
5319 66 854
5309 75 853
5283 87 852
5258 97 851
5239 109 850
5224 117 849
5213 123 848
5205 126 847
5214 127 846
5215 128 845
5230 128 844
5229 128 843
5227 128 842
5239 128 841
5240 128 840
5242 128 839
5254 128 838
5252 128 837
5256 128 836
5249 128 835
5254 128 834
5249 128 833
5249 128 832
5239 130 831
5235 138 830
5203 154 829
5162 175 828
5121 196 827
5080 213 826
5048 228 825
4999 239 824
4976 247 823
4945 249 822
4923 251 821
4886 252 820
4855 254 819
4829 255 818
4800 255 817
4778 256 816
4753 256 815
4710 256 814
4682 256 813
4653 255 812
4635 253 811
4613 250 810
4595 249 809
4570 247 808
4536 250 807
4489 269 806
4438 293 805
4362 317 804
4276 337 803
4183 363 802
4086 375 801
3976 392 800
3859 393 799
3788 395 798
3716 393 797
3632 384 796
3565 373 795
3499 365 794
3451 348 793
3377 334 792
3350 317 791
3284 296 790
3241 281 789
3196 274 788
3135 265 787
3114 249 786
3066 243 785
3061 236 784
3027 230 783
2997 237 782
2983 241 781
2929 248 780
2868 263 779
2796 275 778
2758 292 777
2738 303 776
2690 307 775
2671 312 774
2669 308 773
2696 294 772
2745 277 771
2781 261 770
2867 248 769
2967 236 768
3074 222 767
3185 211 766
3303 201 765
3397 195 764
3496 186 763
3617 184 762
3716 181 761
3845 176 760
3961 177 759
4078 179 758
4199 182 757
4295 196 756
4390 212 755
